[ args ]
outpath : ./checkout
train_data_root : ./data/train/
test_data_root : ./data/test/
input_step : 24
predict_step : 1
use_clm : [0, 1, 4, 6, 7]
d_model : 512
batch_size : 256
max_epoch : 100
attn_type : full
N_enc : 4
N_dec : 4
h_enc : 8
h_dec : 8
ff_hidnum : 1024
hid_pre : 1024
hid_post : 1024
dropout_pre : 0.2
dropout_post : 0.2
dropout_model : 0.2
save_each : 10
use_state : ['Alabama']
sch : No
loss_fn : mse
[ log ]
epoch : 0, iteration : 0, loss : 0.8486390709877014, RMSE : 0.9212160706520081, 
epoch : 0, iteration : 1, loss : 0.7004908323287964, RMSE : 0.8369532823562622, 
epoch : 0, iteration : 2, loss : 0.6460556983947754, RMSE : 0.8037759065628052, 
epoch : 0, iteration : 3, loss : 0.556011438369751, RMSE : 0.745661735534668, 
epoch : 0, iteration : 4, loss : 0.5295360684394836, RMSE : 0.7276923060417175, 
epoch : 0, iteration : 5, loss : 0.413761705160141, RMSE : 0.643243134021759, 
epoch : 0, iteration : 6, loss : 0.39563173055648804, RMSE : 0.6289926171302795, 
epoch : 0, iteration : 7, loss : 0.3027835488319397, RMSE : 0.550257682800293, 
epoch : 0, iteration : 8, loss : 0.27337563037872314, RMSE : 0.5228533744812012, 
epoch : 0, iteration : 9, loss : 0.24067962169647217, RMSE : 0.4905911087989807, 
epoch : 0, iteration : 10, loss : 0.20632517337799072, RMSE : 0.45423030853271484, 
epoch : 0, iteration : 11, loss : 0.184196338057518, RMSE : 0.4291810095310211, 
epoch : 0, iteration : 12, loss : 0.18716248869895935, RMSE : 0.4326227903366089, 
